0.8534444006858171
0.9451267686561803
0.8363261093911248
0.9185635940199833
0.960656468004961
0.9622782446311858
0.9175282793594526
0.9605598468343567
0.9599769319492502
0.8985531534551142
0.854141272530197
0.9607049297451775
0.8906824393043221
0.9185635940199833
0.960584573387929
0.9622782446311858
0.9175282793594526
0.9194805194805195
0.9599769319492502
0.8739495798319328
0.8774593029062219
0.9451267686561803
0.8906824393043221
0.8950124933840453
0.9181587451850883
0.9622782446311858
0.9180672268907563
0.9194805194805195
0.9599769319492502
0.8904592139886256
