0.562921212121212
0.5432676056338029
0.5069529308202154
0.5579241683869451
0.5350866241626466
0.46302425675118225
0.5208054776390812
0.5453972153336484
0.5274198573706648
0.49738447698418053
0.5634949700932246
0.5270645152621468
0.5129519021389933
0.5468521484910317
0.5059671829225763
0.46953737135545726
0.5419909402081365
0.5353497570790597
0.5082506011679835
0.5191947003659383
0.5429285701198824
0.525700476128409
0.5016749676443224
0.5426232376927594
0.5468441957179359
0.47755663469822107
0.5168831341626003
0.542237190679145
0.482574430321768
0.5048799347669971
